101 1466.7 3.8 2653.0
102 1464.9 68.2 2653.0
103 1594.0 -205.2 2653.0
104 1592.5 194.8 2656.0
105 1742.1 -80.0 2656.0
106 1742.4 69.8 2657.0
107 1892.7 -202.3 2659.0
108 1903.0 152.5 2659.0
109 2226.7 -5.8 2668.0
110 2042.6 -81.1 2663.0
111 2042.6 68.3 2664.0
112 2193.8 -222.3 2668.0
113 2197.6 188.7 2667.0
114 2347.4 -81.1 2673.0
115 2348.9 68.5 2671.0
116 2498.2 192.2 2674.0
117 2495.7 -206.3 2684.0
118 2507.7 -6.4 2677.0
119 2646.1 -82.0  2687.0
120 2646.5 67.8 2680.0
121 1319.0 -243.0 2646.8
122 1299.7 187.1 2646.0
123 1127.4 60.0 2645.0
124 1133.2 -89.3 2645.0
125 983.6 170.4 2647.0
126 989.3 -213.0 2647.0
127 848.5 -86.6 2644.0
128 848.4 62.0 2643.0
129 699.1 194.5 2643.0
130 699.4 -205.8 2643.0
131 549.3 66.3 2640.0
132 548.7 -79.9  2640.0
133 479.9 165.6 2639.5
134 462.3 -130.6 2640.0
135 369.6 80.6  2637.0
136 304.0 -112.0 2636.0
137 232.0 26.6  2633.0
138 224.6 -45.3 2634.0
139 129.0  -34.4 2634.1
140 100.6 -104.6 2635.0
141 0 0 0
142 0 0 0
143 0 0 0
144 0 0 0
145 0 0 0
146 0 0 0
147 0 0 0
148 49.9 559.5 2640.5
149 -19.9 530.3 2640.2
150 90.8 460.2 2638.3
151 23.7 449.4 2639.4
152 -33.4 385.6 2637.4
153 82.8, 342.0 2635.7
154 -33.6 256.6 2633.1
155 58.1, 190.1 2632.0
156 -20.6 -1 2632.7
157 22.5 -100.7 2634.8
158 72 -199 2637.7
159 0 0 0
160 0 0 0
161 0 0 0
162 0 0 0
163 0 0 0
164 0 0 0
165 0 0 0
166 0 0 0
167 0 0 0
168 0 0 0
169 0 0 0
170 0 0 0
171 0 0 0
172 0 0 0
173 0 0 0
174 0 0 0
175 4.5 191.4  2631.4
176 0.0 -37.5  2633.4